-------,main
main,0.036866
